Case,Symbol,K_swing,N_bos,LookbackInternal,M_retest,EqTol,BOSBufferPoints,UseKillzones,UseRoundNumber,UseVSA,RNDelta,L_percentile,RiskPerTradePct,SL_BufferUSD,TP1_R,TP2_R,BE_Activate_R,PartialClosePct,TimeStopMinutes,MinProgressR,MaxSpreadUSD,MaxOpenPositions,UsePendingRetest,RetestOffsetUSD,PendingExpirySec,UseTrailing,TrailMode,TrailATRPeriod,TrailATRMult,TrailStepUSD,TrailStartRR,UsePyramid,MaxAdds,AddSpacingUSD,AddSizeFactor,CooldownSec,UseATRScaling,ATRScalingPeriod,SL_ATR_Mult,Retest_ATR_Mult,AddSpacing_ATR_Mult,TrailStep_ATR_Mult,MaxSpread_ATR_Mult,RNDelta_ATR_Mult
1,XAUUSD,50,6,12,3,0.2,2,TRUE,TRUE,FALSE,0.28,150,0.5,0.6,1,2,0.8,50,5,0.5,0.55,1,FALSE,0.07,60,FALSE,0,14,2,0.3,1,FALSE,0,0.4,0.6,0,TRUE,14,0.6,0.25,0.8,0.5,0.15,0.4
2,XAUUSD,60,5,12,3,0.18,2,TRUE,TRUE,FALSE,0.3,150,0.5,0.7,1,2,0.8,50,5,0.5,0.45,1,FALSE,0.07,60,FALSE,0,14,2,0.3,1,FALSE,0,0.4,0.6,0,TRUE,14,0.6,0.25,0.8,0.5,0.15,0.4
3,XAUUSD,60,5,12,3,0.18,2,TRUE,TRUE,FALSE,0.3,150,0.5,0.7,1,2,1,50,5,0.5,0.48,1,FALSE,0.07,60,FALSE,0,14,2,0.3,1,FALSE,0,0.4,0.6,0,TRUE,14,0.6,0.25,0.8,0.5,0.15,0.4
4,XAUUSD,50,6,12,3,0.2,2,TRUE,TRUE,FALSE,0.35,150,0.5,0.6,1,2,0.8,50,5,0.5,0.6,1,FALSE,0.07,60,FALSE,0,14,2,0.3,1,FALSE,0,0.4,0.6,0,TRUE,14,0.6,0.25,0.8,0.5,0.15,0.4
5,XAUUSD,50,6,12,3,0.2,2,TRUE,TRUE,FALSE,0.25,150,0.5,0.6,1,2,0.8,50,5,0.5,0.55,1,FALSE,0.07,60,FALSE,0,14,2,0.3,1,FALSE,0,0.4,0.6,0,TRUE,14,0.6,0.25,0.8,0.5,0.15,0.4
6,XAUUSD,50,6,12,3,0.2,2,TRUE,TRUE,FALSE,0.3,150,0.5,0.6,1,2,0.8,50,5,0.5,0.5,1,FALSE,0.07,60,FALSE,0,14,2,0.3,1,FALSE,0,0.4,0.6,0,TRUE,14,0.6,0.25,0.8,0.5,0.15,0.4
7,XAUUSD,50,6,12,2,0.2,2,TRUE,TRUE,FALSE,0.3,150,0.5,0.6,1,2,0.8,50,5,0.5,0.6,1,FALSE,0.07,60,FALSE,0,14,2,0.3,1,FALSE,0,0.4,0.6,0,TRUE,14,0.6,0.25,0.8,0.5,0.15,0.4
8,XAUUSD,50,6,12,4,0.2,2,TRUE,TRUE,FALSE,0.3,150,0.5,0.6,1,2,0.8,50,5,0.5,0.6,1,FALSE,0.07,60,FALSE,0,14,2,0.3,1,FALSE,0,0.4,0.6,0,TRUE,14,0.6,0.25,0.8,0.5,0.15,0.4
9,XAUUSD,50,6,12,3,0.22,1,TRUE,TRUE,FALSE,0.4,150,0.5,0.6,1,2,0.8,50,5,0.5,0.6,1,FALSE,0.07,60,FALSE,0,14,2,0.3,1,FALSE,0,0.4,0.6,0,TRUE,14,0.6,0.25,0.8,0.5,0.15,0.4
10,XAUUSD,50,6,12,3,0.2,2,TRUE,TRUE,FALSE,0.32,150,0.5,0.6,1,2,0.8,50,5,0.5,0.55,1,FALSE,0.07,60,FALSE,0,14,2,0.3,1,FALSE,0,0.4,0.6,0,TRUE,14,0.6,0.25,0.8,0.5,0.15,0.4
11,XAUUSD,50,6,12,3,0.2,2,TRUE,TRUE,FALSE,0.3,150,0.5,0.6,1,2,1,50,5,0.5,0.55,1,FALSE,0.07,60,FALSE,0,14,2,0.3,1,FALSE,0,0.4,0.6,0,TRUE,14,0.6,0.25,0.8,0.5,0.15,0.4
12,XAUUSD,55,6,12,3,0.2,1.5,TRUE,TRUE,FALSE,0.3,150,0.5,0.6,1,2,0.8,50,5,0.5,0.55,1,FALSE,0.07,60,FALSE,0,14,2,0.3,1,FALSE,0,0.4,0.6,0,TRUE,14,0.6,0.25,0.8,0.5,0.15,0.4
13,XAUUSD,50,6,12,3,0.2,2,TRUE,TRUE,FALSE,0.28,150,0.5,0.6,1,2,0.8,50,5,0.5,0.55,1,FALSE,0.07,60,FALSE,0,14,2,0.3,1,FALSE,0,0.4,0.6,0,TRUE,14,0.6,0.25,0.8,0.5,0.15,0.4
14,XAUUSD,50,6,12,3,0.18,2,TRUE,TRUE,FALSE,0.3,150,0.5,0.65,1,2,0.8,50,5,0.5,0.55,1,FALSE,0.07,60,FALSE,0,14,2,0.3,1,FALSE,0,0.4,0.6,0,TRUE,14,0.6,0.25,0.8,0.5,0.15,0.4
15,XAUUSD,55,5,12,3,0.18,2.5,TRUE,TRUE,FALSE,0.3,150,0.5,0.65,1,2,0.8,50,5,0.5,0.55,1,FALSE,0.07,60,FALSE,0,14,2,0.3,1,FALSE,0,0.4,0.6,0,TRUE,14,0.6,0.25,0.8,0.5,0.15,0.4
16,XAUUSD,55,5,12,3,0.18,2,TRUE,TRUE,FALSE,0.3,150,0.5,0.65,1,2,0.8,50,5,0.5,0.48,1,FALSE,0.07,60,FALSE,0,14,2,0.3,1,FALSE,0,0.4,0.6,0,TRUE,14,0.6,0.25,0.8,0.5,0.15,0.4
17,XAUUSD,60,6,12,3,0.22,2,TRUE,TRUE,FALSE,0.35,150,0.5,0.6,1,2,0.8,50,5,0.5,0.6,1,FALSE,0.07,60,FALSE,0,14,2,0.3,1,FALSE,0,0.4,0.6,0,TRUE,14,0.6,0.25,0.8,0.5,0.15,0.4
18,XAUUSD,50,6,12,3,0.2,2,TRUE,TRUE,FALSE,0.3,150,0.5,0.6,1,2,0.8,50,4,0.6,0.55,1,FALSE,0.07,60,FALSE,0,14,2,0.3,1,FALSE,0,0.4,0.6,0,TRUE,14,0.6,0.25,0.8,0.5,0.15,0.4
19,XAUUSD,55,5,12,3,0.18,2,TRUE,TRUE,FALSE,0.3,150,0.5,0.65,1,2,1,40,5,0.5,0.55,1,FALSE,0.07,60,FALSE,0,14,2,0.3,1,FALSE,0,0.4,0.6,0,TRUE,14,0.6,0.25,0.8,0.5,0.15,0.4
20,XAUUSD,65,5,12,2,0.18,2,TRUE,TRUE,FALSE,0.3,150,0.4,0.7,1,2,0.8,40,5,0.6,0.6,1,FALSE,0.07,60,FALSE,0,14,2,0.3,1,FALSE,0,0.4,0.6,0,TRUE,14,0.6,0.25,0.8,0.5,0.15,0.4
21,XAUUSD,50,6,12,3,0.22,1,TRUE,TRUE,FALSE,0.4,150,0.5,0.55,1,2,0.8,50,5,0.5,0.65,1,FALSE,0.07,60,FALSE,0,14,2,0.3,1,FALSE,0,0.4,0.6,0,TRUE,14,0.6,0.25,0.8,0.5,0.15,0.4
22,XAUUSD,55,6,12,2,0.22,1,TRUE,TRUE,FALSE,0.4,150,0.5,0.55,1,2,0.8,50,5,0.5,0.65,1,FALSE,0.07,60,FALSE,0,14,2,0.3,1,FALSE,0,0.4,0.6,0,TRUE,14,0.6,0.25,0.8,0.5,0.15,0.4
23,XAUUSD,60,6,12,3,0.22,2,TRUE,TRUE,FALSE,0.37,150,0.5,0.6,1,2,0.8,50,5,0.5,0.6,1,FALSE,0.07,60,FALSE,0,14,2,0.3,1,FALSE,0,0.4,0.6,0,TRUE,14,0.6,0.25,0.8,0.5,0.15,0.4
24,XAUUSD,55,5,12,3,0.22,2.5,TRUE,TRUE,FALSE,0.4,150,0.5,0.6,1,2,0.8,50,5,0.5,0.6,1,FALSE,0.07,60,FALSE,0,14,2,0.3,1,FALSE,0,0.4,0.6,0,TRUE,14,0.6,0.25,0.8,0.5,0.15,0.4
25,XAUUSD,50,6,12,3,0.22,1,TRUE,TRUE,FALSE,0.4,150,0.5,0.55,1,2,0.8,50,5,0.5,0.5,1,FALSE,0.07,60,FALSE,0,14,2,0.3,1,FALSE,0,0.4,0.6,0,TRUE,14,0.6,0.25,0.8,0.5,0.15,0.4
26,XAUUSD,55,6,12,3,0.22,1.5,TRUE,TRUE,FALSE,0.37,150,0.5,0.55,1,2,0.8,50,5,0.5,0.6,1,FALSE,0.07,60,FALSE,0,14,2,0.3,1,FALSE,0,0.4,0.6,0,TRUE,14,0.6,0.25,0.8,0.5,0.15,0.4
27,XAUUSD,50,6,12,3,0.2,2,TRUE,TRUE,FALSE,0.35,150,0.5,0.5,1,2,0.6,50,5,0.5,0.5,1,FALSE,0.07,60,TRUE,1,14,1.5,0.3,0.8,FALSE,0,0.4,0.6,0,TRUE,14,0.6,0.25,0.8,0.5,0.15,0.4
28,XAUUSD,50,6,12,3,0.2,2,TRUE,TRUE,FALSE,0.35,150,0.5,0.5,1,2,0.8,50,5,0.5,0.5,1,FALSE,0.07,60,TRUE,1,14,1.5,0.3,0.8,FALSE,0,0.4,0.6,0,TRUE,14,0.6,0.25,0.8,0.5,0.15,0.4
29,XAUUSD,50,6,12,3,0.2,2,TRUE,TRUE,FALSE,0.35,150,0.5,0.5,1,2,0.8,50,5,0.5,0.5,1,FALSE,0.07,60,TRUE,2,14,2,0.25,0.8,FALSE,0,0.4,0.6,0,TRUE,14,0.6,0.25,0.8,0.5,0.15,0.4
30,XAUUSD,50,6,12,3,0.2,2,TRUE,TRUE,FALSE,0.35,150,0.5,0.5,1.2,2,0.8,40,5,0.5,0.5,1,FALSE,0.07,60,TRUE,1,14,1.5,0.3,0.8,FALSE,0,0.4,0.6,0,TRUE,14,0.6,0.25,0.8,0.5,0.15,0.4
31,XAUUSD,50,6,12,3,0.2,2,TRUE,TRUE,FALSE,0.35,150,0.5,0.5,1.2,2,0.8,40,5,0.5,0.5,1,FALSE,0.07,60,TRUE,2,14,2,0.3,1,FALSE,0,0.4,0.6,0,TRUE,14,0.6,0.25,0.8,0.5,0.15,0.4
32,XAUUSD,50,6,12,3,0.2,2,TRUE,TRUE,FALSE,0.35,150,0.5,0.5,9.9,2,1,0,5,0.5,0.4,1,FALSE,0.07,60,TRUE,1,14,1.5,0.3,0.8,FALSE,0,0,0,120,TRUE,14,0.6,0.25,0.8,0.5,0.15,0.4
33,XAUUSD,50,6,12,3,0.2,2,TRUE,TRUE,FALSE,0.35,150,0.5,0.5,1.4,2,1,30,5,0.5,0.4,1,FALSE,0.07,60,TRUE,1,21,2.2,0.3,1.2,FALSE,0,0,0,120,TRUE,14,0.6,0.25,0.8,0.5,0.15,0.4
34,XAUUSD,50,6,12,3,0.2,2,TRUE,TRUE,FALSE,0.35,150,0.5,0.5,1.5,2,0.8,30,5,0.5,0.4,1,FALSE,0.07,60,TRUE,1,14,1.5,0.3,0.8,FALSE,0,0,0,120,TRUE,14,0.6,0.25,0.8,0.5,0.15,0.4
35,XAUUSD,50,6,12,3,0.2,2,TRUE,TRUE,FALSE,0.35,150,0.5,0.5,1.2,2,0.8,40,5,0.5,0.4,1,FALSE,0.07,60,TRUE,1,14,1.6,0.3,0.8,FALSE,0,0,0,120,TRUE,14,0.6,0.25,0.8,0.5,0.15,0.4
36,XAUUSD,50,6,12,3,0.2,2,TRUE,TRUE,FALSE,0.35,150,0.5,0.5,1.2,2,0.8,40,5,0.5,0.5,3,FALSE,0.07,60,TRUE,2,14,2,0.3,0.8,TRUE,2,0.35,0.6,30,TRUE,14,0.6,0.25,0.8,0.5,0.15,0.4
37,XAUUSD,50,6,12,3,0.2,2,TRUE,TRUE,FALSE,0.35,150,0.5,0.5,1,2,0.8,50,5,0.5,0.5,1,FALSE,0.07,60,TRUE,1,14,1.5,0.3,0.8,FALSE,0,0.4,0.6,0,TRUE,14,0.6,0.25,0.8,0.5,0.15,0.4
38,XAUUSD,50,6,12,3,0.2,2,TRUE,TRUE,FALSE,0.35,150,0.5,0.5,1,2,0.8,50,5,0.5,0.5,1,FALSE,0.07,60,TRUE,1,14,2,0.3,1,FALSE,0,0.4,0.6,0,TRUE,14,0.6,0.25,0.8,0.5,0.15,0.4
39,XAUUSD,50,6,12,3,0.2,2,TRUE,TRUE,FALSE,0.35,150,0.5,0.5,1,2,0.8,50,5,0.5,0.5,1,FALSE,0.07,60,TRUE,1,21,1.8,0.3,1,FALSE,0,0.4,0.6,0,TRUE,14,0.6,0.25,0.8,0.5,0.15,0.4
40,XAUUSD,50,6,12,3,0.2,2,TRUE,TRUE,FALSE,0.35,150,0.5,0.5,1,2,1,30,5,0.5,0.5,3,FALSE,0.07,60,TRUE,2,14,2,0.25,0.8,TRUE,2,0.3,0.6,0,TRUE,14,0.6,0.25,0.8,0.5,0.15,0.4
41,XAUUSD,50,6,12,3,0.2,2,TRUE,TRUE,FALSE,0.35,150,0.5,0.5,1.2,2,0.8,50,5,0.5,0.5,3,FALSE,0.07,60,TRUE,2,14,2,0.35,0.8,TRUE,2,0.45,0.6,30,TRUE,14,0.6,0.25,0.8,0.5,0.15,0.4
42,XAUUSD,50,6,12,3,0.2,2,TRUE,TRUE,FALSE,0.35,150,0.5,0.5,1.2,2,0.8,30,5,0.5,0.4,3,FALSE,0.07,60,TRUE,2,14,2,0.3,0.8,TRUE,3,0.4,0.6,30,TRUE,14,0.6,0.25,0.8,0.5,0.15,0.4
43,XAUUSD,50,6,12,3,0.2,2,TRUE,TRUE,FALSE,0.35,150,0.5,0.5,1.2,2,0.8,40,5,0.5,0.5,4,FALSE,0.07,60,TRUE,2,14,2,0.3,0.8,TRUE,3,0.4,0.5,30,TRUE,14,0.6,0.25,0.8,0.5,0.15,0.4
44,XAUUSD,50,6,12,3,0.2,2,TRUE,TRUE,FALSE,0.35,150,0.5,0.5,1.2,2,0.8,30,5,0.5,0.5,4,FALSE,0.07,60,TRUE,2,14,2,0.35,1,TRUE,2,0.45,0.6,30,TRUE,14,0.6,0.25,0.8,0.5,0.15,0.4
45,XAUUSD,50,6,12,3,0.2,2,TRUE,TRUE,FALSE,0.35,150,0.5,0.5,9.9,2,0.8,0,5,0.5,0.5,3,FALSE,0.07,60,TRUE,2,14,2,0.3,0.8,TRUE,2,0.35,0.5,30,TRUE,14,0.6,0.25,0.8,0.5,0.15,0.4
46,XAUUSD,50,6,12,3,0.2,2,TRUE,TRUE,FALSE,0.35,150,0.5,0.5,1.2,2,0.8,40,5,0.5,0.5,3,FALSE,0.07,60,TRUE,1,14,1.4,0.3,0.8,TRUE,2,0.35,0.6,30,TRUE,14,0.6,0.25,0.8,0.5,0.15,0.4
47,XAUUSD,50,6,12,3,0.2,2,TRUE,TRUE,FALSE,0.35,150,0.5,0.5,1,2,0.8,40,5,0.5,0.5,3,FALSE,0.07,60,TRUE,2,14,2,0.25,0.8,TRUE,2,0.3,0.6,30,TRUE,14,0.6,0.25,0.8,0.5,0.15,0.4
48,XAUUSD,50,6,12,3,0.2,2,TRUE,TRUE,FALSE,0.35,150,0.5,0.5,1.2,2,0.8,30,5,0.5,0.5,4,FALSE,0.07,60,TRUE,2,14,2,0.22,0.8,TRUE,2,0.32,0.6,30,TRUE,14,0.6,0.25,0.8,0.5,0.15,0.4
49,XAUUSD,50,6,12,3,0.2,2,TRUE,TRUE,FALSE,0.35,150,0.5,0.5,1.2,2,0.8,55,5,0.5,0.5,4,FALSE,0.07,60,TRUE,2,14,2,0.22,0.8,TRUE,2,0.42,0.6,30,TRUE,14,0.6,0.25,0.8,0.5,0.15,0.4
50,XAUUSD,50,6,12,3,0.2,2,TRUE,TRUE,FALSE,0.35,150,0.5,0.5,1.2,2,0.8,55,5,0.5,0.5,4,FALSE,0.07,60,TRUE,2,14,2,0.28,0.8,TRUE,2,0.38,0.6,30,TRUE,14,0.6,0.25,0.8,0.5,0.15,0.4
51,XAUUSD,50,6,12,3,0.2,2,TRUE,TRUE,FALSE,0.35,150,0.5,0.5,1.2,2,0.8,30,5,0.5,0.5,4,FALSE,0.07,60,TRUE,2,14,2,0.33,0.8,TRUE,2,0.38,0.6,30,TRUE,14,0.6,0.25,0.8,0.5,0.15,0.4
52,XAUUSD,45,5,11,2,0.16,1,FALSE,TRUE,FALSE,0.28,130,0.3,0.55,0.9,2,0.6,40,45,0.5,0.5,3,FALSE,0,0,FALSE,0,0,0,0,0,FALSE,0,0,0,0,TRUE,14,0.6,0.25,0.8,0.5,0.15,0.4
53,XAUUSD,50,6,12,3,0.16,1,FALSE,TRUE,FALSE,0.28,130,0.3,0.55,0.9,2,0.6,40,45,0.5,0.5,3,FALSE,0,0,FALSE,0,0,0,0,0,FALSE,0,0,0,0,TRUE,14,0.6,0.25,0.8,0.5,0.15,0.4
54,XAUUSD,55,6,14,3,0.16,1,FALSE,TRUE,FALSE,0.28,130,0.3,0.55,0.9,2,0.6,40,45,0.5,0.5,3,FALSE,0,0,FALSE,0,0,0,0,0,FALSE,0,0,0,0,TRUE,14,0.6,0.25,0.8,0.5,0.15,0.4
55,XAUUSD,60,7,16,4,0.16,1,FALSE,TRUE,FALSE,0.28,130,0.3,0.55,0.9,2,0.6,40,45,0.5,0.5,3,FALSE,0,0,FALSE,0,0,0,0,0,FALSE,0,0,0,0,TRUE,14,0.6,0.25,0.8,0.5,0.15,0.4
56,XAUUSD,50,6,12,3,0.2,2,TRUE,TRUE,FALSE,0.28,150,0.5,0.6,1,2,0.8,50,5,0.5,0.55,1,FALSE,0.07,60,FALSE,0,14,2,0.3,1,FALSE,0,0.4,0.6,0,TRUE,14,0.6,0.25,0.8,0.5,0.15,0.4
57,XAUUSD,45,5,11,2,0.16,1,FALSE,TRUE,FALSE,0.28,130,0.4,0.55,1.2,2.4,0.7,35,60,0.6,0.5,3,FALSE,0,0,FALSE,0,0,0,0,0,FALSE,0,0,0,0,TRUE,14,0.6,0.25,0.8,0.5,0.15,0.4
58,XAUUSD,50,6,12,3,0.16,1,FALSE,TRUE,FALSE,0.28,130,0.4,0.55,1.2,2.4,0.7,35,60,0.6,0.5,3,FALSE,0,0,FALSE,0,0,0,0,0,FALSE,0,0,0,0,TRUE,14,0.6,0.25,0.8,0.5,0.15,0.4
59,XAUUSD,55,6,14,3,0.16,1,FALSE,TRUE,FALSE,0.28,130,0.4,0.55,1.2,2.4,0.7,35,60,0.6,0.5,3,FALSE,0,0,FALSE,0,0,0,0,0,FALSE,0,0,0,0,TRUE,14,0.6,0.25,0.8,0.5,0.15,0.4
60,XAUUSD,60,7,16,4,0.16,1,FALSE,TRUE,FALSE,0.28,130,0.4,0.55,1.2,2.4,0.7,35,60,0.6,0.5,3,FALSE,0,0,FALSE,0,0,0,0,0,FALSE,0,0,0,0,TRUE,14,0.6,0.25,0.8,0.5,0.15,0.4
61,XAUUSD,45,5,11,2,0.16,1,FALSE,TRUE,FALSE,0.28,130,0.5,0.55,1.5,3,0.8,30,90,0.7,0.5,2,FALSE,0,0,FALSE,0,0,0,0,0,FALSE,0,0,0,0,TRUE,14,0.6,0.25,0.8,0.5,0.15,0.4
62,XAUUSD,50,6,12,3,0.16,1,FALSE,TRUE,FALSE,0.28,130,0.5,0.55,1.5,3,0.8,30,90,0.7,0.5,2,FALSE,0,0,FALSE,0,0,0,0,0,FALSE,0,0,0,0,TRUE,14,0.6,0.25,0.8,0.5,0.15,0.4
63,XAUUSD,55,6,14,3,0.16,1,FALSE,TRUE,FALSE,0.28,130,0.5,0.55,1.5,3,0.8,30,90,0.7,0.5,2,FALSE,0,0,FALSE,0,0,0,0,0,FALSE,0,0,0,0,TRUE,14,0.6,0.25,0.8,0.5,0.15,0.4
64,XAUUSD,60,7,16,4,0.16,1,FALSE,TRUE,FALSE,0.28,130,0.5,0.55,1.5,3,0.8,30,90,0.7,0.5,2,FALSE,0,0,FALSE,0,0,0,0,0,FALSE,0,0,0,0,TRUE,14,0.6,0.25,0.8,0.5,0.15,0.4
65,XAUUSD,45,5,11,2,0.16,1,FALSE,TRUE,FALSE,0.28,130,0.6,0.55,1.8,3.6,0.9,25,120,0.8,0.5,2,FALSE,0,0,FALSE,0,0,0,0,0,FALSE,0,0,0,0,TRUE,14,0.6,0.25,0.8,0.5,0.15,0.4
66,XAUUSD,55,6,14,3,0.16,1,FALSE,TRUE,FALSE,0.28,130,0.6,0.55,1.8,3.6,0.9,25,120,0.8,0.5,2,FALSE,0,0,FALSE,0,0,0,0,0,FALSE,0,0,0,0,TRUE,14,0.6,0.25,0.8,0.5,0.15,0.4
67,XAUUSD,60,7,16,4,0.16,1,FALSE,TRUE,FALSE,0.28,130,0.6,0.55,1.8,3.6,0.9,25,120,0.8,0.5,2,FALSE,0,0,FALSE,0,0,0,0,0,FALSE,0,0,0,0,TRUE,14,0.6,0.25,0.8,0.5,0.15,0.4
68,XAUUSD,50,6,12,3,0.16,1,TRUE,TRUE,FALSE,0.28,140,0.8,0.55,2.2,4,1,20,150,0.9,0.5,1,FALSE,0,0,FALSE,0,0,0,0,0,FALSE,0,0,0,0,TRUE,14,0.6,0.25,0.8,0.5,0.15,0.4
69,XAUUSD,80,9,22,6,0.16,1,TRUE,TRUE,FALSE,0.28,140,0.8,0.55,2.2,4,1,20,150,0.9,0.5,1,FALSE,0,0,FALSE,0,0,0,0,0,FALSE,0,0,0,0,TRUE,14,0.6,0.25,0.8,0.5,0.15,0.4
70,XAUUSD,50,6,12,3,0.16,1,TRUE,FALSE,FALSE,0.28,160,0.8,0.55,2.2,4,1,20,150,0.9,0.5,1,FALSE,0,0,FALSE,0,0,0,0,0,FALSE,0,0,0,0,TRUE,14,0.6,0.25,0.8,0.5,0.15,0.4
71,XAUUSD,80,9,22,6,0.16,1,TRUE,FALSE,FALSE,0.28,160,0.8,0.55,2.2,4,1,20,150,0.9,0.5,1,FALSE,0,0,FALSE,0,0,0,0,0,FALSE,0,0,0,0,TRUE,14,0.6,0.25,0.8,0.5,0.15,0.4
72,XAUUSD,55,6,14,3,0.16,1,TRUE,TRUE,FALSE,0.28,140,0.3,0.55,0.9,2,0.6,40,45,0.5,0.5,3,TRUE,0.04,2400,FALSE,0,0,0,0,0,FALSE,0,0,0,0,TRUE,14,0.6,0.25,0.8,0.5,0.15,0.4
73,XAUUSD,60,7,16,4,0.16,1,TRUE,TRUE,FALSE,0.28,140,0.3,0.55,0.9,2,0.6,40,45,0.5,0.5,3,TRUE,0.04,2400,FALSE,0,0,0,0,0,FALSE,0,0,0,0,TRUE,14,0.6,0.25,0.8,0.5,0.15,0.4
74,XAUUSD,40,5,10,2,0.16,1,FALSE,TRUE,FALSE,0.28,130,0.3,0.55,0.9,2,0.6,40,45,0.5,0.5,3,TRUE,0.04,2400,FALSE,0,0,0,0,0,FALSE,0,0,0,0,TRUE,14,0.6,0.25,0.8,0.5,0.15,0.4
75,XAUUSD,45,5,11,2,0.16,1,FALSE,TRUE,FALSE,0.28,130,0.3,0.55,0.9,2,0.6,40,45,0.5,0.5,3,TRUE,0.04,2400,FALSE,0,0,0,0,0,FALSE,0,0,0,0,TRUE,14,0.6,0.25,0.8,0.5,0.15,0.4
76,XAUUSD,55,6,14,3,0.16,1,FALSE,TRUE,FALSE,0.28,130,0.3,0.55,0.9,2,0.6,40,45,0.5,0.5,3,TRUE,0.04,2400,FALSE,0,0,0,0,0,FALSE,0,0,0,0,TRUE,14,0.6,0.25,0.8,0.5,0.15,0.4
77,XAUUSD,60,7,16,4,0.16,1,FALSE,TRUE,FALSE,0.28,130,0.3,0.55,0.9,2,0.6,40,45,0.5,0.5,3,TRUE,0.04,2400,FALSE,0,0,0,0,0,FALSE,0,0,0,0,TRUE,14,0.6,0.25,0.8,0.5,0.15,0.4
78,XAUUSD,55,6,14,3,0.16,1,TRUE,FALSE,FALSE,0.28,160,0.3,0.55,0.9,2,0.6,40,45,0.5,0.5,3,TRUE,0.04,2400,FALSE,0,0,0,0,0,FALSE,0,0,0,0,TRUE,14,0.6,0.25,0.8,0.5,0.15,0.4
79,XAUUSD,60,7,16,4,0.16,1,TRUE,FALSE,FALSE,0.28,160,0.3,0.55,0.9,2,0.6,40,45,0.5,0.5,3,TRUE,0.04,2400,FALSE,0,0,0,0,0,FALSE,0,0,0,0,TRUE,14,0.6,0.25,0.8,0.5,0.15,0.4
80,XAUUSD,60,7,16,4,0.16,1,TRUE,TRUE,FALSE,0.28,140,0.4,0.55,1.2,2.4,0.7,35,60,0.6,0.5,3,TRUE,0.04,2400,FALSE,0,0,0,0,0,FALSE,0,0,0,0,TRUE,14,0.6,0.25,0.8,0.5,0.15,0.4
81,XAUUSD,65,7,18,4,0.16,1,TRUE,TRUE,FALSE,0.28,140,0.4,0.55,1.2,2.4,0.7,35,60,0.6,0.5,3,TRUE,0.04,2400,FALSE,0,0,0,0,0,FALSE,0,0,0,0,TRUE,14,0.6,0.25,0.8,0.5,0.15,0.4
82,XAUUSD,70,8,20,5,0.16,1,TRUE,TRUE,FALSE,0.28,140,0.4,0.55,1.2,2.4,0.7,35,60,0.6,0.5,3,TRUE,0.04,2400,FALSE,0,0,0,0,0,FALSE,0,0,0,0,TRUE,14,0.6,0.25,0.8,0.5,0.15,0.4
83,XAUUSD,80,9,22,6,0.16,1,TRUE,TRUE,FALSE,0.28,140,0.4,0.55,1.2,2.4,0.7,35,60,0.6,0.5,3,TRUE,0.04,2400,FALSE,0,0,0,0,0,FALSE,0,0,0,0,TRUE,14,0.6,0.25,0.8,0.5,0.15,0.4
84,XAUUSD,40,5,10,2,0.16,1,FALSE,TRUE,FALSE,0.28,130,0.4,0.55,1.2,2.4,0.7,35,60,0.6,0.5,3,TRUE,0.04,2400,FALSE,0,0,0,0,0,FALSE,0,0,0,0,TRUE,14,0.6,0.25,0.8,0.5,0.15,0.4
85,XAUUSD,45,5,11,2,0.16,1,FALSE,TRUE,FALSE,0.28,130,0.4,0.55,1.2,2.4,0.7,35,60,0.6,0.5,3,TRUE,0.04,2400,FALSE,0,0,0,0,0,FALSE,0,0,0,0,TRUE,14,0.6,0.25,0.8,0.5,0.15,0.4
86,XAUUSD,55,6,14,3,0.16,1,FALSE,TRUE,FALSE,0.28,130,0.4,0.55,1.2,2.4,0.7,35,60,0.6,0.5,3,TRUE,0.04,2400,FALSE,0,0,0,0,0,FALSE,0,0,0,0,TRUE,14,0.6,0.25,0.8,0.5,0.15,0.4
87,XAUUSD,60,7,16,4,0.16,1,FALSE,TRUE,FALSE,0.28,130,0.4,0.55,1.2,2.4,0.7,35,60,0.6,0.5,3,TRUE,0.04,2400,FALSE,0,0,0,0,0,FALSE,0,0,0,0,TRUE,14,0.6,0.25,0.8,0.5,0.15,0.4
88,XAUUSD,60,7,16,4,0.16,1,TRUE,FALSE,FALSE,0.28,160,0.4,0.55,1.2,2.4,0.7,35,60,0.6,0.5,3,TRUE,0.04,2400,FALSE,0,0,0,0,0,FALSE,0,0,0,0,TRUE,14,0.6,0.25,0.8,0.5,0.15,0.4
89,XAUUSD,65,7,18,4,0.16,1,TRUE,FALSE,FALSE,0.28,160,0.4,0.55,1.2,2.4,0.7,35,60,0.6,0.5,3,TRUE,0.04,2400,FALSE,0,0,0,0,0,FALSE,0,0,0,0,TRUE,14,0.6,0.25,0.8,0.5,0.15,0.4
90,EURUSD,50,5,12,3,0.00014,0.5,TRUE,TRUE,FALSE,0.00028,130,0.25,0.0077,0.9,2.2,0.6,45,60,0.6,0.0005,4,FALSE,0,0,FALSE,0,0,0,0,0,FALSE,0,0,0,0,TRUE,14,0.6,0.25,0.8,0.5,0.15,0.4
91,EURUSD,50,5,12,3,0.00014,0.5,TRUE,TRUE,FALSE,0.00028,130,0.35,0.0077,1.2,2.5,0.7,40,90,0.7,0.0005,3,FALSE,0,0,FALSE,0,0,0,0,0,FALSE,0,0,0,0,TRUE,14,0.6,0.25,0.8,0.5,0.15,0.4
92,EURUSD,50,5,12,3,0.00014,0.5,TRUE,TRUE,FALSE,0.00028,130,0.45,0.0077,1.5,3,0.8,35,120,0.8,0.0005,3,FALSE,0,0,FALSE,0,0,0,0,0,FALSE,0,0,0,0,TRUE,14,0.6,0.25,0.8,0.5,0.15,0.4
93,EURUSD,50,5,12,3,0.00014,0.5,TRUE,TRUE,FALSE,0.00028,130,0.6,0.0077,1.8,3.5,0.9,30,150,0.9,0.0005,2,FALSE,0,0,FALSE,0,0,0,0,0,FALSE,0,0,0,0,TRUE,14,0.6,0.25,0.8,0.5,0.15,0.4
94,EURUSD,50,5,12,3,0.00014,0.5,TRUE,TRUE,FALSE,0.00028,130,0.8,0.0077,2.2,4,1,25,180,1,0.0005,2,FALSE,0,0,FALSE,0,0,0,0,0,FALSE,0,0,0,0,TRUE,14,0.6,0.25,0.8,0.5,0.15,0.4
95,EURUSD,60,6,14,3,0.00014,0.5,TRUE,FALSE,FALSE,0.00028,120,0.8,0.0077,2.2,4,1,25,180,1,0.0005,2,TRUE,0.00028571,2400,FALSE,0,0,0,0,0,FALSE,0,0,0,0,TRUE,14,0.6,0.25,0.8,0.5,0.15,0.4
96,EURUSD,70,7,16,4,0.00014,0.5,TRUE,FALSE,FALSE,0.00028,120,0.8,0.0077,2.2,4,1,25,180,1,0.0005,2,TRUE,0.00028571,2400,FALSE,0,0,0,0,0,FALSE,0,0,0,0,TRUE,14,0.6,0.25,0.8,0.5,0.15,0.4
97,EURUSD,60,6,14,3,0.00014,0.5,TRUE,FALSE,FALSE,0.00028,120,0.8,0.0077,2.2,4,1,25,180,1,0.0005,2,TRUE,0.00035714,3600,FALSE,0,0,0,0,0,FALSE,0,0,0,0,TRUE,14,0.6,0.25,0.8,0.5,0.15,0.4
98,EURUSD,70,7,16,4,0.00014,0.5,TRUE,FALSE,FALSE,0.00028,120,0.8,0.0077,2.2,4,1,25,180,1,0.0005,2,TRUE,0.00035714,3600,FALSE,0,0,0,0,0,FALSE,0,0,0,0,TRUE,14,0.6,0.25,0.8,0.5,0.15,0.4
99,GBPUSD,45,5,10,2,0.00016,0.5,TRUE,TRUE,FALSE,0.00064,120,0.3,0.0088,1,2.4,0.6,45,60,0.6,0.0008,3,FALSE,0,0,FALSE,0,0,0,0,0,FALSE,0,0,0,0,TRUE,14,0.6,0.25,0.8,0.5,0.15,0.4
100,GBPUSD,55,6,12,3,0.00016,0.5,TRUE,TRUE,FALSE,0.00064,120,0.45,0.0088,1.3,2.8,0.7,40,90,0.7,0.0008,3,FALSE,0,0,FALSE,0,0,0,0,0,FALSE,0,0,0,0,TRUE,14,0.6,0.25,0.8,0.5,0.15,0.4
101,GBPUSD,65,7,14,4,0.00016,0.5,TRUE,TRUE,FALSE,0.00064,120,0.45,0.0088,1.3,2.8,0.7,40,90,0.7,0.0008,3,FALSE,0,0,FALSE,0,0,0,0,0,FALSE,0,0,0,0,TRUE,14,0.6,0.25,0.8,0.5,0.15,0.4
102,GBPUSD,45,5,10,2,0.00016,0.5,TRUE,TRUE,FALSE,0.00064,120,0.6,0.0088,1.6,3.2,0.8,35,120,0.8,0.0008,2,FALSE,0,0,FALSE,0,0,0,0,0,FALSE,0,0,0,0,TRUE,14,0.6,0.25,0.8,0.5,0.15,0.4
103,GBPUSD,45,5,10,2,0.00016,0.5,TRUE,TRUE,FALSE,0.00064,120,0.75,0.0088,2,3.8,0.9,30,150,0.9,0.0008,2,FALSE,0,0,FALSE,0,0,0,0,0,FALSE,0,0,0,0,TRUE,14,0.6,0.25,0.8,0.5,0.15,0.4
104,GBPUSD,45,5,10,2,0.00016,0.5,TRUE,TRUE,FALSE,0.00064,120,0.3,0.0088,1,2.4,0.6,45,60,0.6,0.0008,3,TRUE,0.00034286,2400,FALSE,0,0,0,0,0,FALSE,0,0,0,0,TRUE,14,0.6,0.25,0.8,0.5,0.15,0.4
105,GBPUSD,45,5,10,2,0.00016,0.5,TRUE,TRUE,FALSE,0.00064,120,0.45,0.0088,1.3,2.8,0.7,40,90,0.7,0.0008,3,TRUE,0.00034286,2400,FALSE,0,0,0,0,0,FALSE,0,0,0,0,TRUE,14,0.6,0.25,0.8,0.5,0.15,0.4
106,GBPUSD,45,5,10,2,0.00016,0.5,TRUE,TRUE,FALSE,0.00064,120,0.3,0.0088,1,2.4,0.6,45,60,0.6,0.0008,3,TRUE,0.00042857,3600,FALSE,0,0,0,0,0,FALSE,0,0,0,0,TRUE,14,0.6,0.25,0.8,0.5,0.15,0.4
107,GBPUSD,45,5,10,2,0.00016,0.5,TRUE,TRUE,FALSE,0.00064,120,0.45,0.0088,1.3,2.8,0.7,40,90,0.7,0.0008,3,TRUE,0.00042857,3600,FALSE,0,0,0,0,0,FALSE,0,0,0,0,TRUE,14,0.6,0.25,0.8,0.5,0.15,0.4
108,USDJPY,65,7,14,3,0.014,0.5,TRUE,TRUE,FALSE,0.028,140,0.45,0.055,1.4,3,0.8,35,120,0.8,0.05,3,FALSE,0,0,FALSE,0,0,0,0,0,FALSE,0,0,0,0,TRUE,14,0.6,0.25,0.8,0.5,0.15,0.4
109,USDJPY,65,7,14,3,0.014,0.5,TRUE,TRUE,FALSE,0.028,140,0.6,0.055,1.8,3.5,0.9,30,150,0.9,0.05,2,FALSE,0,0,FALSE,0,0,0,0,0,FALSE,0,0,0,0,TRUE,14,0.6,0.25,0.8,0.5,0.15,0.4
110,USDJPY,65,7,14,3,0.014,0.5,TRUE,TRUE,FALSE,0.028,140,0.8,0.055,2.2,4.2,1,25,180,1,0.05,2,FALSE,0,0,FALSE,0,0,0,0,0,FALSE,0,0,0,0,TRUE,14,0.6,0.25,0.8,0.5,0.15,0.4
111,USDJPY,65,7,14,3,0.014,0.5,TRUE,TRUE,FALSE,0.028,140,0.45,0.055,1.4,3,0.8,35,120,0.8,0.05,3,TRUE,0.00571429,2400,FALSE,0,0,0,0,0,FALSE,0,0,0,0,TRUE,14,0.6,0.25,0.8,0.5,0.15,0.4
112,USDJPY,35,4,8,2,0.014,0.5,FALSE,FALSE,FALSE,0.028,120,0.6,0.055,1.8,3.5,0.9,30,150,0.9,0.05,2,TRUE,0.00571429,2400,FALSE,0,0,0,0,0,FALSE,0,0,0,0,TRUE,14,0.6,0.25,0.8,0.5,0.15,0.4
113,USDJPY,65,7,14,3,0.014,0.5,TRUE,TRUE,FALSE,0.028,140,0.45,0.055,1.4,3,0.8,35,120,0.8,0.05,3,TRUE,0.00714286,3600,FALSE,0,0,0,0,0,FALSE,0,0,0,0,TRUE,14,0.6,0.25,0.8,0.5,0.15,0.4
114,XAUUSD,40,4,10,2,5.00*pip,1.00*pipPoints,TRUE,FALSE,FALSE,3.0*pip,110,0.3,8.0*pip,1.5,3,1.2,40,15,0.5,0,3,FALSE,3.0*pip,60,FALSE,0,14,0,0,0,FALSE,0,0,0.6,45,TRUE,14,0.6,0.25,0.8,0.5,0.15,0.4
115,XAUUSD,60,6,12,2,1.00*pip,2.50*pipPoints,TRUE,TRUE,FALSE,2.5*pip,220,1,16.0*pip,1.2,2,0.8,40,10,1,0,2,FALSE,2.0*pip,90,TRUE,1,18,1.2,0,0.8,TRUE,1,0.3,0.7,15,TRUE,14,0.6,0.25,0.8,0.5,0.15,0.4
116,XAUUSD,40,5,15,2,5.00*pip,2.50*pipPoints,TRUE,TRUE,FALSE,2.5*pip,220,0.7,10.0*pip,3,6,1.2,40,0,0.5,0,1,FALSE,3.0*pip,90,TRUE,1,18,1.6,0,0.8,TRUE,2,0.8,0.7,15,TRUE,14,0.6,0.25,0.8,0.5,0.15,0.4
117,XAUUSD,100,3,10,3,1.50*pip,3.00*pipPoints,FALSE,TRUE,TRUE,4.0*pip,220,0.5,16.0*pip,1.5,3,1.2,40,5,0.5,0,2,TRUE,1.5*pip,30,TRUE,1,21,1.4,0,1.2,FALSE,0,0,0.6,0,TRUE,14,0.6,0.25,0.8,0.5,0.15,0.4
118,XAUUSD,70,6,10,3,5.00*pip,1.00*pipPoints,FALSE,TRUE,FALSE,3.5*pip,130,0.7,12.0*pip,1,2,0.8,30,5,0.5,0,3,FALSE,4.0*pip,45,TRUE,2,14,0,0.35,1,FALSE,0,0,0.6,45,TRUE,14,0.6,0.25,0.8,0.5,0.15,0.4
119,XAUUSD,50,8,8,1,3.00*pip,2.50*pipPoints,TRUE,TRUE,FALSE,3.5*pip,120,0.5,16.0*pip,1.2,2,1.2,50,5,0.8,0,2,FALSE,2.5*pip,90,FALSE,0,14,0,0,0,FALSE,0,0,0.6,30,TRUE,14,0.6,0.25,0.8,0.5,0.15,0.4
120,XAUUSD,100,3,15,1,1.50*pip,3.00*pipPoints,TRUE,FALSE,FALSE,5.0*pip,150,0.7,20.0*pip,3,6,1.2,30,0,1,0,3,TRUE,3.0*pip,60,TRUE,1,18,2,0,0.8,FALSE,0,0,0.6,0,TRUE,14,0.6,0.25,0.8,0.5,0.15,0.4
121,XAUUSD,50,7,18,4,1.50*pip,1.50*pipPoints,FALSE,TRUE,FALSE,4.0*pip,200,0.3,16.0*pip,2,4,1,30,5,0.8,0,3,TRUE,1.5*pip,30,TRUE,1,14,1.4,0,1.2,FALSE,0,0,0.6,15,TRUE,14,0.6,0.25,0.8,0.5,0.15,0.4
122,XAUUSD,70,7,8,5,1.00*pip,1.00*pipPoints,TRUE,TRUE,FALSE,3.5*pip,220,0.3,12.0*pip,2,4,0.8,40,15,0.5,0,2,TRUE,1.5*pip,45,TRUE,1,14,1.6,0,1.2,TRUE,1,0.6,0.5,15,TRUE,14,0.6,0.25,0.8,0.5,0.15,0.4
123,XAUUSD,70,4,18,4,1.50*pip,2.00*pipPoints,FALSE,TRUE,TRUE,4.0*pip,200,0.5,8.0*pip,1.5,3,1.2,30,10,0.8,0,2,FALSE,2.5*pip,60,TRUE,1,21,2,0,1,TRUE,1,0.8,0.6,30,TRUE,14,0.6,0.25,0.8,0.5,0.15,0.4
124,XAUUSD,40,8,12,3,1.50*pip,2.50*pipPoints,FALSE,TRUE,FALSE,5.0*pip,220,0.5,8.0*pip,2.5,5,0.8,40,5,0.8,0,3,TRUE,2.5*pip,30,TRUE,2,14,0,0.3,1,TRUE,1,0.4,0.5,15,TRUE,14,0.6,0.25,0.8,0.5,0.15,0.4
125,XAUUSD,100,7,18,1,1.00*pip,3.00*pipPoints,FALSE,TRUE,TRUE,3.0*pip,130,1.2,20.0*pip,1,2,0.8,30,0,0.8,0,1,TRUE,4.0*pip,90,TRUE,1,21,1.4,0,0.8,TRUE,1,0.4,0.7,45,TRUE,14,0.6,0.25,0.8,0.5,0.15,0.4
126,XAUUSD,100,3,20,5,2.00*pip,2.50*pipPoints,TRUE,TRUE,TRUE,3.5*pip,120,0.3,16.0*pip,2.5,5,1.2,50,15,0.5,0,3,TRUE,3.0*pip,45,TRUE,1,21,1.4,0,1.2,FALSE,0,0,0.6,45,TRUE,14,0.6,0.25,0.8,0.5,0.15,0.4
127,XAUUSD,80,8,10,5,1.00*pip,3.00*pipPoints,TRUE,FALSE,FALSE,3.5*pip,150,0.7,20.0*pip,2.5,5,0.8,40,15,0.5,0,1,TRUE,2.0*pip,90,TRUE,2,14,0,0.25,1,TRUE,2,0.6,0.6,60,TRUE,14,0.6,0.25,0.8,0.5,0.15,0.4
128,XAUUSD,40,5,10,1,5.00*pip,1.50*pipPoints,TRUE,TRUE,FALSE,2.5*pip,220,1,12.0*pip,1.2,2,0.8,40,15,0.8,0,3,FALSE,2.0*pip,30,TRUE,1,18,1.6,0,1,TRUE,2,1,0.7,60,TRUE,14,0.6,0.25,0.8,0.5,0.15,0.4
129,XAUUSD,35,5,8,1,2.00*pip,1.50*pipPoints,TRUE,TRUE,TRUE,5.0*pip,110,0.7,16.0*pip,3,6,0.8,40,0,1,0,1,TRUE,3.0*pip,60,TRUE,2,14,0,0.5,0.8,TRUE,1,0.4,0.6,45,TRUE,14,0.6,0.25,0.8,0.5,0.15,0.4
130,XAUUSD,60,8,12,4,3.00*pip,1.00*pipPoints,FALSE,FALSE,TRUE,5.0*pip,110,0.2,16.0*pip,3,6,1,30,10,0.5,0,2,FALSE,3.0*pip,30,TRUE,1,18,1.6,0,1,TRUE,2,0.6,0.7,45,TRUE,14,0.6,0.25,0.8,0.5,0.15,0.4
131,XAUUSD,50,6,20,1,5.00*pip,1.00*pipPoints,TRUE,TRUE,TRUE,5.0*pip,170,0.7,12.0*pip,2,4,0.8,30,5,1,0,2,FALSE,3.0*pip,30,TRUE,1,18,1.4,0,1.2,TRUE,2,0.4,0.5,30,TRUE,14,0.6,0.25,0.8,0.5,0.15,0.4
132,XAUUSD,80,6,20,4,2.00*pip,2.00*pipPoints,TRUE,FALSE,TRUE,5.0*pip,220,0.7,20.0*pip,1,2,1.2,30,5,0.5,0,2,TRUE,4.0*pip,60,FALSE,0,14,0,0,0,TRUE,1,0.4,0.6,45,TRUE,14,0.6,0.25,0.8,0.5,0.15,0.4
133,XAUUSD,50,3,12,5,1.9*pip,89000.0*pipPoints,FALSE,FALSE,FALSE,4.2*pip,150,0.25,19.6*pip,1.2,2,1.2,30,15,0.8,0,2,FALSE,3.9*pip,60,FALSE,0,14,0,0,1,FALSE,0,4.0*pip,0.6,30,TRUE,14,0.6,0.25,0.8,0.5,0.15,0.4
134,XAUUSD,50,5,12,3,1.6*pip,118000.0*pipPoints,FALSE,TRUE,FALSE,3.8*pip,150,0.75,5.4*pip,1.4,2,0.8,40,0,0.8,0,3,FALSE,0.8*pip,60,FALSE,0,14,0,0,1,FALSE,0,4.0*pip,0.6,30,TRUE,14,0.6,0.25,0.8,0.5,0.15,0.4
135,XAUUSD,55,5,12,4,1.2*pip,81000.0*pipPoints,FALSE,TRUE,FALSE,3.7*pip,150,0.75,101.4*pip,2,3.8,1,30,15,0.8,0,3,FALSE,0.5*pip,60,TRUE,1,14,1.4,0,1,FALSE,0,4.0*pip,0.6,30,TRUE,14,0.6,0.25,0.8,0.5,0.15,0.4
136,XAUUSD,50,6,12,4,1.3*pip,89000.0*pipPoints,FALSE,TRUE,FALSE,2.8*pip,150,0.25,6.5*pip,2.2,4.2,1.2,50,15,0.8,0,2,FALSE,0.6*pip,60,FALSE,0,14,0,0,1,FALSE,0,4.0*pip,0.6,30,TRUE,14,0.6,0.25,0.8,0.5,0.15,0.4
137,XAUUSD,50,6,12,3,1.8*pip,200000.0*pipPoints,FALSE,TRUE,FALSE,4.0*pip,150,0.7,15.0*pip,1.3,2.8,1,40,15,0.8,0,2,FALSE,0.5*pip,60,FALSE,0,14,0,0,1,FALSE,0,4.0*pip,0.6,30,TRUE,14,0.6,0.25,0.8,0.5,0.15,0.4
138,XAUUSD,45,3,12,3,1.1*pip,197000.0*pipPoints,FALSE,TRUE,FALSE,2.6*pip,150,0.35,95.6*pip,9.9,2,0.8,50,15,0.8,0,2,FALSE,0.9*pip,60,FALSE,0,14,0,0,1,FALSE,0,4.0*pip,0.6,30,TRUE,14,0.6,0.25,0.8,0.5,0.15,0.4
139,XAUUSD,45,3,12,3,2.0*pip,50000.0*pipPoints,FALSE,TRUE,FALSE,2.3*pip,150,0.3,7.3*pip,1.5,3,1,50,10,0.8,0,1,FALSE,0.7*pip,60,TRUE,1,14,1.4,0,1,TRUE,1,4.0*pip,0.7,30,TRUE,14,0.6,0.25,0.8,0.5,0.15,0.4
140,XAUUSD,50,6,12,2,1.6*pip,166000.0*pipPoints,FALSE,TRUE,FALSE,2.4*pip,150,0.8,7.5*pip,1.2,2,1.2,50,10,0.8,0,2,FALSE,3.0*pip,60,FALSE,0,14,0,0,1,FALSE,0,4.0*pip,0.6,30,TRUE,14,0.6,0.25,0.8,0.5,0.15,0.4
141,XAUUSD,50,7,12,3,1.6*pip,196000.0*pipPoints,FALSE,TRUE,FALSE,3.7*pip,150,0.35,6.4*pip,1.2,2.5,0.8,30,10,0.8,0,2,FALSE,0.7*pip,60,FALSE,0,14,0,0,1,FALSE,0,4.0*pip,0.6,30,TRUE,14,0.6,0.25,0.8,0.5,0.15,0.4
142,XAUUSD,45,7,12,4,4.0*pip,198000.0*pipPoints,TRUE,TRUE,FALSE,3.0*pip,150,0.4,8.7*pip,1.5,2,0.8,30,5,0.8,0,3,FALSE,4.2*pip,60,FALSE,0,14,0,0,1,FALSE,0,4.0*pip,0.6,30,TRUE,14,0.6,0.25,0.8,0.5,0.15,0.4
143,XAUUSD,70,6,12,3,1.1*pip,48000.0*pipPoints,FALSE,TRUE,FALSE,3.0*pip,150,0.45,5.8*pip,2.2,4.2,0.8,30,15,0.8,0,2,FALSE,0.6*pip,60,FALSE,0,14,0,0,1,TRUE,1,4.0*pip,0.6,30,TRUE,14,0.6,0.25,0.8,0.5,0.15,0.4
144,XAUUSD,45,6,12,3,1.5*pip,61000.0*pipPoints,FALSE,TRUE,FALSE,2.6*pip,150,0.25,5.1*pip,1.6,3.2,1,40,0,0.8,0,3,FALSE,0.4*pip,60,FALSE,0,14,0,0,1,FALSE,0,4.0*pip,0.6,30,TRUE,14,0.6,0.25,0.8,0.5,0.15,0.4
145,XAUUSD,60,6,12,3,1.9*pip,93000.0*pipPoints,FALSE,TRUE,FALSE,3.0*pip,150,0.75,15.0*pip,1.3,2.8,1.2,30,10,0.8,0,1,FALSE,0.8*pip,60,FALSE,0,14,0,0,1,FALSE,0,4.0*pip,0.6,30,TRUE,14,0.6,0.25,0.8,0.5,0.15,0.4
146,XAUUSD,50,9,12,2,2.4*pip,112000.0*pipPoints,FALSE,TRUE,FALSE,2.5*pip,150,0.5,19.4*pip,1,2,0.8,40,5,0.8,0,3,FALSE,0.8*pip,60,FALSE,0,14,0,0,1,FALSE,0,4.0*pip,0.6,30,TRUE,14,0.6,0.25,0.8,0.5,0.15,0.4
147,XAUUSD,45,7,12,3,1.5*pip,116000.0*pipPoints,FALSE,TRUE,FALSE,3.0*pip,150,0.35,4.5*pip,2,4,0.8,30,0,0.8,0,3,FALSE,0.6*pip,60,FALSE,0,14,0,0,1,TRUE,2,4.0*pip,0.6,30,TRUE,14,0.6,0.25,0.8,0.5,0.15,0.4
148,XAUUSD,45,3,12,2,1.5*pip,104000.0*pipPoints,FALSE,TRUE,FALSE,3.4*pip,150,0.75,4.7*pip,1.4,2,0.8,50,15,0.8,0,2,FALSE,0.3*pip,60,FALSE,0,14,0,0,1,FALSE,0,4.0*pip,0.6,30,TRUE,14,0.6,0.25,0.8,0.5,0.15,0.4
149,XAUUSD,50,5,12,2,2.2*pip,92000.0*pipPoints,FALSE,TRUE,FALSE,2.9*pip,150,0.7,6.8*pip,1.3,2.8,1.2,50,10,0.8,0,3,FALSE,0.5*pip,60,FALSE,0,14,0,0,1,FALSE,0,4.0*pip,0.6,30,TRUE,14,0.6,0.25,0.8,0.5,0.15,0.4
150,XAUUSD,45,8,12,5,2.3*pip,84000.0*pipPoints,TRUE,TRUE,FALSE,2.9*pip,150,0.4,4.6*pip,1.3,2.8,1,50,0,0.8,0,1,FALSE,0.6*pip,60,FALSE,0,14,0,0,1,FALSE,0,4.0*pip,0.6,30,TRUE,14,0.6,0.25,0.8,0.5,0.15,0.4
151,XAUUSD,65,5,12,4,2.4*pip,45000.0*pipPoints,FALSE,TRUE,FALSE,3.5*pip,150,0.2,3.9*pip,1,2.4,1,50,0,0.8,0,1,FALSE,0.4*pip,60,FALSE,0,14,0,0,1,FALSE,0,4.0*pip,0.6,30,TRUE,14,0.6,0.25,0.8,0.5,0.15,0.4
152,XAUUSD,45,3,12,4,1.9*pip,102000.0*pipPoints,FALSE,FALSE,FALSE,4.5*pip,150,0.25,78.6*pip,1.4,3,1.2,50,10,0.8,0,1,FALSE,3.8*pip,60,FALSE,0,14,0,0,1,FALSE,0,4.0*pip,0.6,30,TRUE,14,0.6,0.25,0.8,0.5,0.15,0.4
153,XAUUSD,50,6,12,2,2.3*pip,174000.0*pipPoints,FALSE,TRUE,FALSE,3.0*pip,150,0.45,102.3*pip,1.4,3,1,30,15,0.8,0,2,FALSE,0.8*pip,60,FALSE,0,14,0,0,1,FALSE,0,4.0*pip,0.6,30,TRUE,14,0.6,0.25,0.8,0.5,0.15,0.4
154,XAUUSD,50,7,12,3,1.9*pip,105000.0*pipPoints,TRUE,TRUE,FALSE,3.6*pip,150,1,13.3*pip,1.5,3,1.2,50,5,0.8,0,2,FALSE,3.0*pip,60,FALSE,0,14,0,0,1,FALSE,0,4.0*pip,0.6,30,TRUE,14,0.6,0.25,0.8,0.5,0.15,0.4
155,XAUUSD,50,6,12,3,1.3*pip,110000.0*pipPoints,FALSE,TRUE,FALSE,3.1*pip,150,0.2,6.4*pip,2,4,0.8,50,5,0.8,0,3,FALSE,1.9*pip,60,FALSE,0,14,0,0,1,TRUE,1,4.0*pip,0.5,30,TRUE,14,0.6,0.25,0.8,0.5,0.15,0.4
156,XAUUSD,70,5,12,3,1.7*pip,216000.0*pipPoints,FALSE,TRUE,FALSE,3.0*pip,150,0.4,6.5*pip,1,2.4,1,40,15,0.8,0,1,FALSE,0.8*pip,60,FALSE,0,14,0,0,1,FALSE,0,4.0*pip,0.6,30,TRUE,14,0.6,0.25,0.8,0.5,0.15,0.4
157,XAUUSD,45,6,12,4,1.3*pip,235000.0*pipPoints,FALSE,TRUE,FALSE,2.3*pip,150,0.7,6.8*pip,1.2,2.5,0.8,40,15,0.8,0,3,FALSE,0.6*pip,60,FALSE,0,14,0,0,1,FALSE,0,4.0*pip,0.6,30,TRUE,14,0.6,0.25,0.8,0.5,0.15,0.4
158,XAUUSD,65,6,12,2,1.6*pip,41000.0*pipPoints,FALSE,TRUE,FALSE,6.6*pip,150,0.8,5.8*pip,1,2.4,0.8,30,0,0.8,0,2,FALSE,0.4*pip,60,FALSE,0,14,0,0,1,TRUE,2,4.0*pip,0.5,30,TRUE,14,0.6,0.25,0.8,0.5,0.15,0.4
159,XAUUSD,60,3,12,3,1.2*pip,202000.0*pipPoints,FALSE,FALSE,FALSE,3.4*pip,150,0.3,5.0*pip,1.2,2.5,1,50,15,0.8,0,1,FALSE,0.4*pip,60,TRUE,1,14,1.4,0,1,FALSE,0,4.0*pip,0.6,30,TRUE,14,0.6,0.25,0.8,0.5,0.15,0.4
160,XAUUSD,50,6,12,4,1.6*pip,55000.0*pipPoints,TRUE,TRUE,FALSE,2.6*pip,150,0.5,4.5*pip,1,2.4,1.2,40,10,0.8,0,1,FALSE,4.9*pip,60,FALSE,0,14,0,0,1,FALSE,0,4.0*pip,0.6,30,TRUE,14,0.6,0.25,0.8,0.5,0.15,0.4
161,XAUUSD,50,6,12,2,2.2*pip,143000.0*pipPoints,TRUE,TRUE,FALSE,2.7*pip,150,1,4.5*pip,1,2.4,0.8,50,5,0.8,0,3,FALSE,0.4*pip,60,FALSE,0,14,0,0,1,FALSE,0,4.0*pip,0.6,30,TRUE,14,0.6,0.25,0.8,0.5,0.15,0.4
162,XAUUSD,50,6,12,5,1.7*pip,77000.0*pipPoints,FALSE,TRUE,FALSE,6.8*pip,150,0.4,14.8*pip,1.2,2,1,30,15,0.8,0,2,FALSE,0.7*pip,60,FALSE,0,14,0,0,1,FALSE,0,4.0*pip,0.6,30,TRUE,14,0.6,0.25,0.8,0.5,0.15,0.4
163,XAUUSD,50,7,12,3,1.9*pip,113000.0*pipPoints,TRUE,FALSE,FALSE,2.4*pip,150,1,5.1*pip,1,2,1,50,0,0.8,0,1,FALSE,4.8*pip,60,FALSE,0,14,0,0,1,FALSE,0,4.0*pip,0.6,30,TRUE,14,0.6,0.25,0.8,0.5,0.15,0.4
164,XAUUSD,60,6,12,3,1.7*pip,78000.0*pipPoints,FALSE,TRUE,FALSE,3.4*pip,150,0.6,9.6*pip,2.2,4.2,0.8,40,15,0.8,0,3,FALSE,0.9*pip,60,FALSE,0,14,0,0,1,TRUE,1,4.0*pip,0.5,30,TRUE,14,0.6,0.25,0.8,0.5,0.15,0.4
165,XAUUSD,55,6,12,4,1.5*pip,181000.0*pipPoints,FALSE,TRUE,FALSE,2.6*pip,150,0.8,82.5*pip,9.9,2,1,40,10,0.8,0,3,FALSE,4.5*pip,60,TRUE,1,14,1.4,0,1,FALSE,0,4.0*pip,0.6,30,TRUE,14,0.6,0.25,0.8,0.5,0.15,0.4
166,XAUUSD,55,6,12,3,1.1*pip,241000.0*pipPoints,FALSE,TRUE,FALSE,6.7*pip,150,1,6.2*pip,2,3.8,0.8,40,0,0.8,0,2,FALSE,0.8*pip,60,FALSE,0,14,0,0,1,FALSE,0,4.0*pip,0.6,30,TRUE,14,0.6,0.25,0.8,0.5,0.15,0.4
167,XAUUSD,55,4,12,3,1.9*pip,175000.0*pipPoints,FALSE,TRUE,FALSE,3.3*pip,150,0.4,76.5*pip,1.2,2.4,1.2,30,0,0.8,0,3,FALSE,0.8*pip,60,FALSE,0,14,0,0,1,FALSE,0,4.0*pip,0.6,30,TRUE,14,0.6,0.25,0.8,0.5,0.15,0.4
168,XAUUSD,50,5,12,3,1.4*pip,110000.0*pipPoints,FALSE,TRUE,FALSE,3.6*pip,150,0.2,8.6*pip,1.4,3,1.2,30,15,0.8,0,1,FALSE,0.6*pip,60,FALSE,0,14,0,0,1,FALSE,0,4.0*pip,0.6,30,TRUE,14,0.6,0.25,0.8,0.5,0.15,0.4
169,XAUUSD,50,5,12,2,1.8*pip,82000.0*pipPoints,FALSE,TRUE,FALSE,2.8*pip,150,0.3,5.0*pip,1.2,2.4,1.2,30,15,0.8,0,1,FALSE,0.7*pip,60,FALSE,0,14,0,0,1,FALSE,0,4.0*pip,0.6,30,TRUE,14,0.6,0.25,0.8,0.5,0.15,0.4
170,XAUUSD,50,7,12,2,2.0*pip,225000.0*pipPoints,FALSE,FALSE,FALSE,4.3*pip,150,0.7,8.1*pip,2,3.8,1.2,40,15,0.8,0,3,FALSE,0.9*pip,60,FALSE,0,14,0,0,1,TRUE,1,4.0*pip,0.5,30,TRUE,14,0.6,0.25,0.8,0.5,0.15,0.4
171,XAUUSD,60,3,12,5,1.7*pip,208000.0*pipPoints,FALSE,TRUE,FALSE,6.4*pip,150,0.6,6.3*pip,1.3,2.8,1.2,40,0,0.8,0,3,FALSE,0.3*pip,60,FALSE,0,14,0,0,1,FALSE,0,4.0*pip,0.6,30,TRUE,14,0.6,0.25,0.8,0.5,0.15,0.4
172,XAUUSD,80,4,12,4,2.2*pip,39000.0*pipPoints,FALSE,TRUE,FALSE,3.2*pip,150,0.7,4.5*pip,1.2,2,1.2,40,0,0.8,0,2,FALSE,0.6*pip,60,TRUE,2,14,0,0.5,1,FALSE,0,4.0*pip,0.6,30,TRUE,14,0.6,0.25,0.8,0.5,0.15,0.4
173,XAUUSD,70,5,12,3,2.3*pip,231000.0*pipPoints,FALSE,TRUE,FALSE,5.7*pip,150,0.45,4.0*pip,2.2,4.2,1.2,40,10,0.8,0,1,FALSE,0.7*pip,60,FALSE,0,14,0,0,1,TRUE,1,4.0*pip,0.5,30,TRUE,14,0.6,0.25,0.8,0.5,0.15,0.4
174,XAUUSD,50,6,12,5,1.7*pip,193000.0*pipPoints,TRUE,TRUE,FALSE,3.1*pip,150,1,4.8*pip,1.2,2.5,1,40,10,0.8,0,3,FALSE,0.7*pip,60,FALSE,0,14,0,0,1,FALSE,0,4.0*pip,0.6,30,TRUE,14,0.6,0.25,0.8,0.5,0.15,0.4
175,XAUUSD,60,5,12,3,1.1*pip,102000.0*pipPoints,FALSE,TRUE,FALSE,3.6*pip,150,0.7,5.8*pip,1.2,2.4,1.2,30,5,0.8,0,2,FALSE,0.4*pip,60,FALSE,0,14,0,0,1,FALSE,0,4.0*pip,0.6,30,TRUE,14,0.6,0.25,0.8,0.5,0.15,0.4
176,XAUUSD,45,6,12,3,1.2*pip,162000.0*pipPoints,TRUE,TRUE,FALSE,2.7*pip,150,0.4,5.1*pip,1,2.4,1,50,0,0.8,0,2,FALSE,0.6*pip,60,FALSE,0,14,0,0,1,FALSE,0,4.0*pip,0.6,30,TRUE,14,0.6,0.25,0.8,0.5,0.15,0.4
177,XAUUSD,55,7,12,2,2.2*pip,89000.0*pipPoints,FALSE,TRUE,FALSE,2.9*pip,150,0.3,86.3*pip,1,2,1.2,30,15,0.8,0,2,FALSE,3.1*pip,60,FALSE,0,14,0,0,1,TRUE,2,4.0*pip,0.5,30,TRUE,14,0.6,0.25,0.8,0.5,0.15,0.4
178,XAUUSD,45,6,12,5,1.6*pip,95000.0*pipPoints,TRUE,TRUE,FALSE,3.0*pip,150,0.45,5.5*pip,1,2,1.2,50,5,0.8,0,3,FALSE,4.3*pip,60,FALSE,0,14,0,0,1,FALSE,0,4.0*pip,0.6,30,TRUE,14,0.6,0.25,0.8,0.5,0.15,0.4
179,XAUUSD,80,6,12,3,2.0*pip,115000.0*pipPoints,FALSE,TRUE,FALSE,3.4*pip,150,0.6,6.2*pip,0.9,2,1.2,50,5,0.8,0,2,FALSE,3.0*pip,60,FALSE,0,14,0,0,1,FALSE,0,4.0*pip,0.6,30,TRUE,14,0.6,0.25,0.8,0.5,0.15,0.4
180,XAUUSD,50,7,12,2,2.2*pip,167000.0*pipPoints,TRUE,TRUE,FALSE,2.9*pip,150,0.8,6.4*pip,0.9,2,0.8,50,5,0.8,0,3,FALSE,2.8*pip,60,FALSE,0,14,0,0,1,FALSE,0,4.0*pip,0.6,30,TRUE,14,0.6,0.25,0.8,0.5,0.15,0.4
181,XAUUSD,80,4,12,3,1.5*pip,95000.0*pipPoints,FALSE,TRUE,FALSE,8.0*pip,150,0.7,5.7*pip,1.5,2,1.2,40,0,0.8,0,3,FALSE,0.6*pip,60,FALSE,0,14,0,0,1,FALSE,0,4.0*pip,0.6,30,TRUE,14,0.6,0.25,0.8,0.5,0.15,0.4
182,XAUUSD,45,5,12,3,2.2*pip,50000.0*pipPoints,FALSE,FALSE,FALSE,2.9*pip,150,0.25,6.1*pip,2.2,4.2,1,30,0,0.8,0,2,FALSE,0.5*pip,60,FALSE,0,14,0,0,1,FALSE,0,4.0*pip,0.6,30,TRUE,14,0.6,0.25,0.8,0.5,0.15,0.4
183,XAUUSD,60,6,12,3,1.6*pip,154000.0*pipPoints,TRUE,TRUE,FALSE,3.0*pip,150,0.75,5.7*pip,0.9,2,1.2,50,5,0.8,0,2,FALSE,2.7*pip,60,FALSE,0,14,0,0,1,FALSE,0,4.0*pip,0.6,30,TRUE,14,0.6,0.25,0.8,0.5,0.15,0.4
184,XAUUSD,60,6,12,3,2.7*pip,109000.0*pipPoints,TRUE,TRUE,FALSE,3.5*pip,150,0.7,4.8*pip,1.3,2.8,0.8,30,5,0.8,0,1,FALSE,2.8*pip,60,FALSE,0,14,0,0,1,TRUE,1,4.0*pip,0.7,30,TRUE,14,0.6,0.25,0.8,0.5,0.15,0.4
185,XAUUSD,50,6,12,4,2.1*pip,176000.0*pipPoints,TRUE,TRUE,FALSE,5.9*pip,150,1,5.9*pip,0.9,2.2,0.8,50,0,0.8,0,1,FALSE,0.7*pip,60,FALSE,0,14,0,0,1,FALSE,0,4.0*pip,0.6,30,TRUE,14,0.6,0.25,0.8,0.5,0.15,0.4
186,XAUUSD,60,7,12,4,1.5*pip,48000.0*pipPoints,FALSE,TRUE,FALSE,2.9*pip,150,0.8,4.8*pip,1.8,3.5,1.2,30,15,0.8,0,3,FALSE,0.6*pip,60,FALSE,0,14,0,0,1,FALSE,0,4.0*pip,0.6,30,TRUE,14,0.6,0.25,0.8,0.5,0.15,0.4
187,XAUUSD,60,7,12,3,1.7*pip,42000.0*pipPoints,FALSE,TRUE,FALSE,3.0*pip,150,0.8,5.0*pip,1.5,2,0.8,50,0,0.8,0,3,FALSE,0.7*pip,60,FALSE,0,14,0,0,1,FALSE,0,4.0*pip,0.6,30,TRUE,14,0.6,0.25,0.8,0.5,0.15,0.4
188,XAUUSD,50,5,12,3,1.7*pip,86000.0*pipPoints,FALSE,TRUE,FALSE,2.8*pip,150,0.6,4.6*pip,3,6,0.8,40,5,0.8,0,3,FALSE,0.8*pip,60,FALSE,0,14,0,0,1,FALSE,0,4.0*pip,0.6,30,TRUE,14,0.6,0.25,0.8,0.5,0.15,0.4
189,XAUUSD,60,6,12,3,1.7*pip,199000.0*pipPoints,FALSE,TRUE,FALSE,2.3*pip,150,0.4,6.9*pip,1.4,3,1,50,15,0.8,0,3,FALSE,0.8*pip,60,FALSE,0,14,0,0,1,TRUE,1,4.0*pip,0.5,30,TRUE,14,0.6,0.25,0.8,0.5,0.15,0.4
190,XAUUSD,65,5,12,3,2.3*pip,103000.0*pipPoints,FALSE,TRUE,FALSE,3.0*pip,150,0.35,6.0*pip,2,3.8,1,40,10,0.8,0,3,FALSE,0.4*pip,60,FALSE,0,14,0,0,1,FALSE,0,4.0*pip,0.6,30,TRUE,14,0.6,0.25,0.8,0.5,0.15,0.4
191,XAUUSD,50,6,12,4,2.3*pip,194000.0*pipPoints,FALSE,TRUE,FALSE,2.5*pip,150,0.5,4.3*pip,1.8,3.6,1.2,30,5,0.8,0,3,FALSE,0.8*pip,60,FALSE,0,14,0,0,1,FALSE,0,4.0*pip,0.6,30,TRUE,14,0.6,0.25,0.8,0.5,0.15,0.4
192,XAUUSD,50,6,12,3,1.6*pip,95000.0*pipPoints,FALSE,TRUE,FALSE,3.3*pip,150,0.2,18.8*pip,2.2,4,1,30,15,0.8,0,1,FALSE,0.9*pip,60,FALSE,0,14,0,0,1,FALSE,0,4.0*pip,0.6,30,TRUE,14,0.6,0.25,0.8,0.5,0.15,0.4
193,XAUUSD,50,4,12,4,1.9*pip,79000.0*pipPoints,FALSE,TRUE,FALSE,7.6*pip,150,0.75,88.0*pip,2.2,4,0.8,40,10,0.8,0,1,FALSE,3.0*pip,60,FALSE,0,14,0,0,1,FALSE,0,4.0*pip,0.6,30,TRUE,14,0.6,0.25,0.8,0.5,0.15,0.4
194,XAUUSD,45,5,12,3,1.6*pip,111000.0*pipPoints,FALSE,TRUE,FALSE,2.8*pip,150,0.25,5.8*pip,1.8,3.5,1.2,40,10,0.8,0,1,FALSE,0.4*pip,60,FALSE,0,14,0,0,1,FALSE,0,4.0*pip,0.6,30,TRUE,14,0.6,0.25,0.8,0.5,0.15,0.4
195,XAUUSD,35,6,12,6,1.7*pip,121000.0*pipPoints,FALSE,TRUE,FALSE,3.1*pip,150,0.35,5.0*pip,9.9,2,1.2,30,0,0.8,0,3,FALSE,0.8*pip,60,FALSE,0,14,0,0,1,FALSE,0,4.0*pip,0.6,30,TRUE,14,0.6,0.25,0.8,0.5,0.15,0.4